オレンジ 龙与虎ED2
Chromatic Harmonica Ver.
1=C

[121]#6645 1434565456
[121]#6645 143436

6#664 6#664 6#66446[11] 6#664 6#664 6#6644[1]#665

6#664 6#664 6#66446[11] 6#664 6#664 6#6644[1]#665

2445 245 2445 644    2445 245 64 465 [11] #665

454 6656 656 656[1]654   5545 545 6#66

6656 656 656[1]654   5545 [11]

6656 656 656[1]654   5545 545 6#66


6656 656 656[1]654 5545 [11]

64654 6454 6454 6#664

6#664 6#664 6#66446[11] 6#664 6#664 6#6644[1]#665

6#664 6#664 6#66446[11] 6#664 6#664 6#6644[1]#665

2445 245 2445 644    2445 245 64 465 [11] #665

454 6656 656 656[1]654   5545 545 6#66

6656 656 656[1]654   5545 [11]

6656 656 656[1]654   5545 545 6#66

6656 656 656[1]654 5545 [11]

6454 6#6[1]#66 4554   6#6[1]#66 4554

454 6656 656 656[1]654   5545 545 6#66

6656 656 656[1]654   5545 [11]

6656 656 656[1]654    5545 545 6#66

6656 656 656[1]654   5545 [11]

6454 6454 6454 6#664
6454 6454 6454 6#664 6454

