カラフル
1=C 路人女主的养成方法ed 
4564 1114565 43454545[1]55#6654
234 65434 156#66
4564 1114565 434545 55[1]5#6654
4234 4441434 1212345
432#1 (6)#1554 
1466#66-421
432#1 (6)#154- 
(6)34 4345
33634 
33632 
234644 234655 4345
1265 45 45465 
345345 [1]#6 654 
266 65
43334 545 [1]6
1265 45 45465 
345345 [1]#6 654
26 2126234
12-6 2226[1]#665 434


4564 1114565 43454545[1]55#6654
4234 165434 156#66
4564 1114565 434545 55[1]5#6654
4234 4441434 1212345
432#1 (6)#1554 
1466#60 6421
432#1 (6)#154-
(6)34 4345
33634 
33632 
234644 234655 4345
1265 45 45465 
345345 [1]#6 654 
266 65
43334 545 [1]6
1265 45 45465 
345345 [1]#6 654
26 2126234
12-6 2226[1]#665 434


33634 
33632 
234644 234655 4345


1265 45 45465 
345345 [1]#6 654 
266 65
43334 545 [1]6
1265 45 45465 
345345 [1]#6 654 
266 65
43334 545 [1]6
1265 45 45465 
345345 [1]#6 654
26 2126234
12-6 2226[1]#665 434