(6)(6)4 4341
(6)1 53341
(6)44 345 1566 
(6)(6)4 4341
(6)1 53341 
(6)4454311344 4566545
3455434
23434 15431566 4566545
3455#664
26544 443 11543344 156656 6[1]44 
43451#6#6656 
14434 4[1]44 
43451 55434 16656 6[1]44 
43451#6#6656 
14434 4[1]44 
6#665155434 114 4341 
(6)1 54341 
14 45 55431566 4566545
3455#664
23434 65
11543344 156656 6[1]44
43451#6#6656
14434 4[1]44
43451 55434 16656 6[1]44
43451#6#6656
14434 4[1]44
6#665155434 
23456 66[2][1]#66
5545[1]5#6[1]6
54343466#65
[1]#6656
6543222344323
34555 35[1][3][4][2]
[2][3][4][4][4][6][5]
[5][5][4][3][1][3][4][4] 
156656 6[1]44 
43451#6#6656 
14434 4[1]44 
43451 55434 16656 6[1][2][1] 
#66656 56[4][3]56 
5434[1]4665 
4345155434 45656 56[2][1]#66
55451#6#6[1]6 5434
3466#65
43451155434 156656 6[1]44
43451#6#6656
14434 4[1]44
43451 55434 16656 6[1]44
43451#6#6656
14434 4[1]44
43451155434
