Drifting Soul
1=C
3434343 #1# 21
12(767 767)1(6)
34343456 7 5 43
34 4 43234
(67)144 456 6754
4332211 (76)
(67)14 4563675
43234 43234
4566 6675
4454346 765[1]7676
554346 665567
4454346 76567[11]76
6767[1]6 6767[21]
676544
3434343 #1# 21
12(767 767)1(6)
34343456 7 5 43
34 4 43234
(67)14 456 6754
4332211 (76)
(67)14 456 6 765
1445654 14456
4454346 765[1]7676
554346 665567
4454346 76567[11]76
6767[1]6 6767[21]
676544
4332234 444#2# 2#1# 1#24
561111 1(7)5565
4332234 444#2# 2#1# 1#24
54543 67[11]
66676 4[1]7645
66676 4[1]7645
[1111]77667 [1] 7 6
6767[1]6 654 23457
66676 4[1]7645
66676 4[1]7645
[1111]77667 [11] 7 6
6767[1]6 67654
23457 23457
6[1]