Õˆ¡È–Ú«˙
Chromatic Harmonica Cov.
1=C

3 3#45 3#45 #43#4(77) 5#43 #43[1] 767 656
67[1] 76[4] [323] [212] [1]77[1]6 6[142] 5[252]5
3 3#435 3#435 #43#4(7) (77)5#43 33#43[1] 767 65623#4567
[1] 76[4] [323] [212] [1]77[1]6 [142] 
(3 3#45 3#45 #43#4(7) 5#43 #43[1] 767 63#4567)1 (76)4323 212 
1(7) (7)1(6--) (#5---)

3 3#435 3#435 #43#4(7) 5#43 #43[1] 767 65 623#4567 [1] (76)4323 432 
1(7) (7)1(6--) (#5- 3232121(76#5)) 

((6 676)1 (676)1 (7673)1(76) (76)4323 212(567)1234 4 32#6 656 545 )
(43 342 #666#6 5)
(67)1 5665 43342 1£®77£©1£®6£©
1(767) (67)1 5665 676 5433
54 321231 4567[21]76
4 321231 456[1]7[1]76
(1 123 123 212 321 21(6) 545 4323)
((676) 4 323 21(7) 1(76) 3 5)
(5 3#45 3#45 #43#4 (7)5#43 #43[1] 767 65623#4567[1])
1(76) 4 323 432 1(7) (7)1(6--7#5)
(#5#56) (6 676)1 (676)1 (7673)1(76) (76)4323 212(567)1234 4 32#6 656 #665 43342 )
3---